$coord
    0.00000000000000      2.03389333956349      0.26996627534404       c
    0.00000000000000     -2.03389333956349      0.26996627534404       c
   -2.03389333956349      0.00000000000000     -0.26996627534404       c
    2.03389333956349      0.00000000000000     -0.26996627534404       c
    0.00000000000000      3.74014596220727     -0.87902500797309       h
    0.00000000000000      2.56855355434082      2.25977230422731       h
    0.00000000000000     -3.74014596220727     -0.87902500797309       h
    0.00000000000000     -2.56855355434082      2.25977230422731       h
   -3.74014596220727      0.00000000000000      0.87902500797309       h
   -2.56855355434082      0.00000000000000     -2.25977230422731       h
    3.74014596220727      0.00000000000000      0.87902500797309       h
    2.56855355434082      0.00000000000000     -2.25977230422731       h
$end
