$coord
    0.00000000000000      0.00000000000000      0.00000000000000       c
    0.00000000000000      0.00000000000000      2.89248851831395       c
    1.92942172003304      0.00000000000000     -0.75389868181020       h
   -0.96471086001652     -1.67092797204174     -0.75389868181020       h
   -0.96471086001652      1.67092797204174     -0.75389868181020       h
   -1.92942172003304      0.00000000000000      3.64638531039801       h
    0.96471086001652     -1.67092797204174      3.64638531039801       h
    0.96471086001652      1.67092797204174      3.64638531039801       h
$end
