$coord
    0.00000000000000      0.00000000000000      0.00000000000000      si
    0.00000000000000      0.00000000000000      4.44129293901796      si
    2.63405902101117      0.00000000000000     -0.99032987720005       h
   -1.31702951050559     -2.28116211432544     -0.99032987720005       h
   -1.31702951050559      2.28116211432544     -0.99032987720005       h
   -2.63405902101117      0.00000000000000      5.43162470594414       h
    1.31702951050559     -2.28116211432544      5.43162470594414       h
    1.31702951050559      2.28116211432544      5.43162470594414       h
$end
