$coord
   -1.74603324746715      2.32805944776527     -3.18377511852622       h
    1.74603324746715      2.32805944776527     -3.18377511852622       h
    1.74603324746715     -2.32805944776527     -3.18377511852622       h
   -1.74603324746715     -2.32805944776527     -3.18377511852622       h
    0.00000000000000      1.26077992243411     -3.18377511852622       c
    0.00000000000000     -1.26077992243411     -3.18377511852622       c
    0.00000000000000     -3.15180807662531      3.43026634657353       h
    0.00000000000000      3.15180807662531      3.43026634657353       h
    0.00000000000000     -1.14025507940480      3.43026634657353       c
    0.00000000000000      1.14025507940480      3.43026634657353       c
$end
