$coord
   -1.74603324746715      2.32805944776527     -3.30702073254988       h
    1.74603324746715      2.32805944776527     -3.30702073254988       h
    1.74603324746715     -2.32805944776527     -3.30702073254988       h
   -1.74603324746715     -2.32805944776527     -3.30702073254988       h
    0.00000000000000      1.26077992243411     -3.30702073254988       c
    0.00000000000000     -1.26077992243411     -3.30702073254988       c
   -1.74603324746715      2.32805944776527      3.30702073254988       h
    1.74603324746715      2.32805944776527      3.30702073254988       h
    1.74603324746715     -2.32805944776527      3.30702073254988       h
   -1.74603324746715     -2.32805944776527      3.30702073254988       h
    0.00000000000000      1.26077992243411      3.30702073254988       c
    0.00000000000000     -1.26077992243411      3.30702073254988       c
$end
