$coord
    0.00000000000000     -3.15180807662531     -3.30702073254988       h
    0.00000000000000      3.15180807662531     -3.30702073254988       h
    0.00000000000000     -1.14025507940480     -3.30702073254988       c
    0.00000000000000      1.14025507940480     -3.30702073254988       c
    0.00000000000000     -3.15180807662531      3.30702073254988       h
    0.00000000000000      3.15180807662531      3.30702073254988       h
    0.00000000000000     -1.14025507940480      3.30702073254988       c
    0.00000000000000      1.14025507940480      3.30702073254988       c
$end
