$coord
   -2.34526350468454      0.00000000000000      6.32517790201104      c
   -0.72472886619629     -2.23048153985243      6.32517790201104      c
    1.89736061853856     -1.37851741366032      6.32517790201104      c
    1.89736061853856      1.37851741366032      6.32517790201104      c
   -0.72472886619629      2.23048153985243      6.32517790201104      c
    4.45313961354739     -4.93932835098575      1.13166248995241      c
    6.07367425203565     -2.70884681113331      1.13166248995241      c
    5.62577136588967     -1.33034829473424      3.47692599463696      c
    3.72841074735110     -2.70884681113331      4.92638372702954      c
    3.00368188115481     -4.93932835098575      3.47692599463696      c
    6.07367425203565      2.70884681113331      1.13166248995241      c
    4.45313961354739      4.93932835098575      1.13166248995241      c
    3.00368188115481      4.93932835098575      3.47692599463696      c
    3.72841074735110      2.70884681113331      4.92638372702954      c
    5.62577136588967      1.33034829473424      3.47692599463696      c
   -0.69940653612138      6.61349341690132      1.13166248995241      c
   -3.32149602085623      5.76152929070921      1.13166248995241      c
   -3.76939890700221      4.38301187704888      3.47692599463696      c
   -1.42413540231767      4.38301187704888      4.92638372702954      c
    0.47322521622089      5.76152929070921      3.47692599463696      c
   -6.50593020586668      1.37851741366032      1.13166248995241      c
   -6.50593020586668     -1.37851741366032      1.13166248995241      c
   -5.33329845352441     -2.23048153985243      3.47692599463696      c
   -4.60856958732812      0.00000000000000      4.92638372702954      c
   -5.33329845352441      2.23048153985243      3.47692599463696      c
   -3.32149602085623     -5.76152929070921      1.13166248995241      c
   -0.69940653612138     -6.61349341690132      1.13166248995241      c
    0.47322521622089     -5.76152929070921      3.47692599463696      c
   -1.42413540231767     -4.38301187704888      4.92638372702954      c
   -3.76939890700221     -4.38301187704888      3.47692599463696      c
   -0.47322521622089     -5.76152929070921     -3.47692599463696      c
    1.42413540231767     -4.38301187704888     -4.92638372702954      c
    3.76939890700221     -4.38301187704888     -3.47692599463696      c
    3.32149602085623     -5.76152929070921     -1.13166248995241      c
    0.69940653612138     -6.61349341690132     -1.13166248995241      c
    5.33329845352441     -2.23048153985243     -3.47692599463696      c
    4.60856958732812      0.00000000000000     -4.92638372702954      c
    5.33329845352441      2.23048153985243     -3.47692599463696      c
    6.50593020586668      1.37851741366032     -1.13166248995241      c
    6.50593020586668     -1.37851741366032     -1.13166248995241      c
    3.76939890700221      4.38301187704888     -3.47692599463696      c
    1.42413540231767      4.38301187704888     -4.92638372702954      c
   -0.47322521622089      5.76152929070921     -3.47692599463696      c
    0.69940653612138      6.61349341690132     -1.13166248995241      c
    3.32149602085623      5.76152929070921     -1.13166248995241      c
   -3.00368188115481      4.93932835098575     -3.47692599463696      c
   -3.72841074735110      2.70884681113331     -4.92638372702954      c
   -5.62577136588967      1.33034829473424     -3.47692599463696      c
   -6.07367425203565      2.70884681113331     -1.13166248995241      c
   -4.45313961354739      4.93932835098575     -1.13166248995241      c
   -5.62577136588967     -1.33034829473424     -3.47692599463696      c
   -3.72841074735110     -2.70884681113331     -4.92638372702954      c
   -3.00368188115481     -4.93932835098575     -3.47692599463696      c
   -4.45313961354739     -4.93932835098575     -1.13166248995241      c
   -6.07367425203565     -2.70884681113331     -1.13166248995241      c
   -1.89736061853856     -1.37851741366032     -6.32517790201104      c
   -1.89736061853856      1.37851741366032     -6.32517790201104      c
    0.72472886619629      2.23048153985243     -6.32517790201104      c
    2.34526350468454      0.00000000000000     -6.32517790201104      c
    0.72472886619629     -2.23048153985243     -6.32517790201104      c
   -2.34526350468454      0.00000000000000     25.22243915194694      c
   -0.72472886619629     -2.23048153985243     25.22243915194694      c
    1.89736061853856     -1.37851741366032     25.22243915194694      c
    1.89736061853856      1.37851741366032     25.22243915194694      c
   -0.72472886619629      2.23048153985243     25.22243915194694      c
    4.45313961354739     -4.93932835098575     20.02892373988831      c
    6.07367425203565     -2.70884681113331     20.02892373988831      c
    5.62577136588967     -1.33034829473424     22.37418724457285      c
    3.72841074735110     -2.70884681113331     23.82364497696544      c
    3.00368188115481     -4.93932835098575     22.37418724457285      c
    6.07367425203565      2.70884681113331     20.02892373988831      c
    4.45313961354739      4.93932835098575     20.02892373988831      c
    3.00368188115481      4.93932835098575     22.37418724457285      c
    3.72841074735110      2.70884681113331     23.82364497696544      c
    5.62577136588967      1.33034829473424     22.37418724457285      c
   -0.69940653612138      6.61349341690132     20.02892373988831      c
   -3.32149602085623      5.76152929070921     20.02892373988831      c
   -3.76939890700221      4.38301187704888     22.37418724457285      c
   -1.42413540231767      4.38301187704888     23.82364497696544      c
    0.47322521622089      5.76152929070921     22.37418724457285      c
   -6.50593020586668      1.37851741366032     20.02892373988831      c
   -6.50593020586668     -1.37851741366032     20.02892373988831      c
   -5.33329845352441     -2.23048153985243     22.37418724457285      c
   -4.60856958732812      0.00000000000000     23.82364497696544      c
   -5.33329845352441      2.23048153985243     22.37418724457285      c
   -3.32149602085623     -5.76152929070921     20.02892373988831      c
   -0.69940653612138     -6.61349341690132     20.02892373988831      c
    0.47322521622089     -5.76152929070921     22.37418724457285      c
   -1.42413540231767     -4.38301187704888     23.82364497696544      c
   -3.76939890700221     -4.38301187704888     22.37418724457285      c
   -0.47322521622089     -5.76152929070921     15.42033525529894      c
    1.42413540231767     -4.38301187704888     13.97087752290636      c
    3.76939890700221     -4.38301187704888     15.42033525529894      c
    3.32149602085623     -5.76152929070921     17.76559875998348      c
    0.69940653612138     -6.61349341690132     17.76559875998348      c
    5.33329845352441     -2.23048153985243     15.42033525529894      c
    4.60856958732812      0.00000000000000     13.97087752290636      c
    5.33329845352441      2.23048153985243     15.42033525529894      c
    6.50593020586668      1.37851741366032     17.76559875998348      c
    6.50593020586668     -1.37851741366032     17.76559875998348      c
    3.76939890700221      4.38301187704888     15.42033525529894      c
    1.42413540231767      4.38301187704888     13.97087752290636      c
   -0.47322521622089      5.76152929070921     15.42033525529894      c
    0.69940653612138      6.61349341690132     17.76559875998348      c
    3.32149602085623      5.76152929070921     17.76559875998348      c
   -3.00368188115481      4.93932835098575     15.42033525529894      c
   -3.72841074735110      2.70884681113331     13.97087752290636      c
   -5.62577136588967      1.33034829473424     15.42033525529894      c
   -6.07367425203565      2.70884681113331     17.76559875998348      c
   -4.45313961354739      4.93932835098575     17.76559875998348      c
   -5.62577136588967     -1.33034829473424     15.42033525529894      c
   -3.72841074735110     -2.70884681113331     13.97087752290636      c
   -3.00368188115481     -4.93932835098575     15.42033525529894      c
   -4.45313961354739     -4.93932835098575     17.76559875998348      c
   -6.07367425203565     -2.70884681113331     17.76559875998348      c
   -1.89736061853856     -1.37851741366032     12.57208334792485      c
   -1.89736061853856      1.37851741366032     12.57208334792485      c
    0.72472886619629      2.23048153985243     12.57208334792485      c
    2.34526350468454      0.00000000000000     12.57208334792485      c
    0.72472886619629     -2.23048153985243     12.57208334792485      c
$end
