$coord
   -2.34526350468454      0.00000000000000      6.32517790201104      c
   -0.72472886619629     -2.23048153985243      6.32517790201104      c
    1.89736061853856     -1.37851741366032      6.32517790201104      c
    1.89736061853856      1.37851741366032      6.32517790201104      c
   -0.72472886619629      2.23048153985243      6.32517790201104      c
    4.45313961354739     -4.93932835098575      1.13166248995241      c
    6.07367425203565     -2.70884681113331      1.13166248995241      c
    5.62577136588967     -1.33034829473424      3.47692599463696      c
    3.72841074735110     -2.70884681113331      4.92638372702954      c
    3.00368188115481     -4.93932835098575      3.47692599463696      c
    6.07367425203565      2.70884681113331      1.13166248995241      c
    4.45313961354739      4.93932835098575      1.13166248995241      c
    3.00368188115481      4.93932835098575      3.47692599463696      c
    3.72841074735110      2.70884681113331      4.92638372702954      c
    5.62577136588967      1.33034829473424      3.47692599463696      c
   -0.69940653612138      6.61349341690132      1.13166248995241      c
   -3.32149602085623      5.76152929070921      1.13166248995241      c
   -3.76939890700221      4.38301187704888      3.47692599463696      c
   -1.42413540231767      4.38301187704888      4.92638372702954      c
    0.47322521622089      5.76152929070921      3.47692599463696      c
   -6.50593020586668      1.37851741366032      1.13166248995241      c
   -6.50593020586668     -1.37851741366032      1.13166248995241      c
   -5.33329845352441     -2.23048153985243      3.47692599463696      c
   -4.60856958732812      0.00000000000000      4.92638372702954      c
   -5.33329845352441      2.23048153985243      3.47692599463696      c
   -3.32149602085623     -5.76152929070921      1.13166248995241      c
   -0.69940653612138     -6.61349341690132      1.13166248995241      c
    0.47322521622089     -5.76152929070921      3.47692599463696      c
   -1.42413540231767     -4.38301187704888      4.92638372702954      c
   -3.76939890700221     -4.38301187704888      3.47692599463696      c
   -0.47322521622089     -5.76152929070921     -3.47692599463696      c
    1.42413540231767     -4.38301187704888     -4.92638372702954      c
    3.76939890700221     -4.38301187704888     -3.47692599463696      c
    3.32149602085623     -5.76152929070921     -1.13166248995241      c
    0.69940653612138     -6.61349341690132     -1.13166248995241      c
    5.33329845352441     -2.23048153985243     -3.47692599463696      c
    4.60856958732812      0.00000000000000     -4.92638372702954      c
    5.33329845352441      2.23048153985243     -3.47692599463696      c
    6.50593020586668      1.37851741366032     -1.13166248995241      c
    6.50593020586668     -1.37851741366032     -1.13166248995241      c
    3.76939890700221      4.38301187704888     -3.47692599463696      c
    1.42413540231767      4.38301187704888     -4.92638372702954      c
   -0.47322521622089      5.76152929070921     -3.47692599463696      c
    0.69940653612138      6.61349341690132     -1.13166248995241      c
    3.32149602085623      5.76152929070921     -1.13166248995241      c
   -3.00368188115481      4.93932835098575     -3.47692599463696      c
   -3.72841074735110      2.70884681113331     -4.92638372702954      c
   -5.62577136588967      1.33034829473424     -3.47692599463696      c
   -6.07367425203565      2.70884681113331     -1.13166248995241      c
   -4.45313961354739      4.93932835098575     -1.13166248995241      c
   -5.62577136588967     -1.33034829473424     -3.47692599463696      c
   -3.72841074735110     -2.70884681113331     -4.92638372702954      c
   -3.00368188115481     -4.93932835098575     -3.47692599463696      c
   -4.45313961354739     -4.93932835098575     -1.13166248995241      c
   -6.07367425203565     -2.70884681113331     -1.13166248995241      c
   -1.89736061853856     -1.37851741366032     -6.32517790201104      c
   -1.89736061853856      1.37851741366032     -6.32517790201104      c
    0.72472886619629      2.23048153985243     -6.32517790201104      c
    2.34526350468454      0.00000000000000     -6.32517790201104      c
    0.72472886619629     -2.23048153985243     -6.32517790201104      c
   -2.34526350468454      0.00000000000000     27.11216527694053      c
   -0.72472886619629     -2.23048153985243     27.11216527694053      c
    1.89736061853856     -1.37851741366032     27.11216527694053      c
    1.89736061853856      1.37851741366032     27.11216527694053      c
   -0.72472886619629      2.23048153985243     27.11216527694053      c
    4.45313961354739     -4.93932835098575     21.91864986488190      c
    6.07367425203565     -2.70884681113331     21.91864986488190      c
    5.62577136588967     -1.33034829473424     24.26391336956644      c
    3.72841074735110     -2.70884681113331     25.71337110195903      c
    3.00368188115481     -4.93932835098575     24.26391336956644      c
    6.07367425203565      2.70884681113331     21.91864986488190      c
    4.45313961354739      4.93932835098575     21.91864986488190      c
    3.00368188115481      4.93932835098575     24.26391336956644      c
    3.72841074735110      2.70884681113331     25.71337110195903      c
    5.62577136588967      1.33034829473424     24.26391336956644      c
   -0.69940653612138      6.61349341690132     21.91864986488190      c
   -3.32149602085623      5.76152929070921     21.91864986488190      c
   -3.76939890700221      4.38301187704888     24.26391336956644      c
   -1.42413540231767      4.38301187704888     25.71337110195903      c
    0.47322521622089      5.76152929070921     24.26391336956644      c
   -6.50593020586668      1.37851741366032     21.91864986488190      c
   -6.50593020586668     -1.37851741366032     21.91864986488190      c
   -5.33329845352441     -2.23048153985243     24.26391336956644      c
   -4.60856958732812      0.00000000000000     25.71337110195903      c
   -5.33329845352441      2.23048153985243     24.26391336956644      c
   -3.32149602085623     -5.76152929070921     21.91864986488190      c
   -0.69940653612138     -6.61349341690132     21.91864986488190      c
    0.47322521622089     -5.76152929070921     24.26391336956644      c
   -1.42413540231767     -4.38301187704888     25.71337110195903      c
   -3.76939890700221     -4.38301187704888     24.26391336956644      c
   -0.47322521622089     -5.76152929070921     17.31006138029253      c
    1.42413540231767     -4.38301187704888     15.86060364789995      c
    3.76939890700221     -4.38301187704888     17.31006138029253      c
    3.32149602085623     -5.76152929070921     19.65532488497707      c
    0.69940653612138     -6.61349341690132     19.65532488497707      c
    5.33329845352441     -2.23048153985243     17.31006138029253      c
    4.60856958732812      0.00000000000000     15.86060364789995      c
    5.33329845352441      2.23048153985243     17.31006138029253      c
    6.50593020586668      1.37851741366032     19.65532488497707      c
    6.50593020586668     -1.37851741366032     19.65532488497707      c
    3.76939890700221      4.38301187704888     17.31006138029253      c
    1.42413540231767      4.38301187704888     15.86060364789995      c
   -0.47322521622089      5.76152929070921     17.31006138029253      c
    0.69940653612138      6.61349341690132     19.65532488497707      c
    3.32149602085623      5.76152929070921     19.65532488497707      c
   -3.00368188115481      4.93932835098575     17.31006138029253      c
   -3.72841074735110      2.70884681113331     15.86060364789995      c
   -5.62577136588967      1.33034829473424     17.31006138029253      c
   -6.07367425203565      2.70884681113331     19.65532488497707      c
   -4.45313961354739      4.93932835098575     19.65532488497707      c
   -5.62577136588967     -1.33034829473424     17.31006138029253      c
   -3.72841074735110     -2.70884681113331     15.86060364789995      c
   -3.00368188115481     -4.93932835098575     17.31006138029253      c
   -4.45313961354739     -4.93932835098575     19.65532488497707      c
   -6.07367425203565     -2.70884681113331     19.65532488497707      c
   -1.89736061853856     -1.37851741366032     14.46180947291844      c
   -1.89736061853856      1.37851741366032     14.46180947291844      c
    0.72472886619629      2.23048153985243     14.46180947291844      c
    2.34526350468454      0.00000000000000     14.46180947291844      c
    0.72472886619629     -2.23048153985243     14.46180947291844      c
$end
