$coord
   -2.34526350468454      0.00000000000000      6.32517790201104      c
   -0.72472886619629     -2.23048153985243      6.32517790201104      c
    1.89736061853856     -1.37851741366032      6.32517790201104      c
    1.89736061853856      1.37851741366032      6.32517790201104      c
   -0.72472886619629      2.23048153985243      6.32517790201104      c
    4.45313961354739     -4.93932835098575      1.13166248995241      c
    6.07367425203565     -2.70884681113331      1.13166248995241      c
    5.62577136588967     -1.33034829473424      3.47692599463696      c
    3.72841074735110     -2.70884681113331      4.92638372702954      c
    3.00368188115481     -4.93932835098575      3.47692599463696      c
    6.07367425203565      2.70884681113331      1.13166248995241      c
    4.45313961354739      4.93932835098575      1.13166248995241      c
    3.00368188115481      4.93932835098575      3.47692599463696      c
    3.72841074735110      2.70884681113331      4.92638372702954      c
    5.62577136588967      1.33034829473424      3.47692599463696      c
   -0.69940653612138      6.61349341690132      1.13166248995241      c
   -3.32149602085623      5.76152929070921      1.13166248995241      c
   -3.76939890700221      4.38301187704888      3.47692599463696      c
   -1.42413540231767      4.38301187704888      4.92638372702954      c
    0.47322521622089      5.76152929070921      3.47692599463696      c
   -6.50593020586668      1.37851741366032      1.13166248995241      c
   -6.50593020586668     -1.37851741366032      1.13166248995241      c
   -5.33329845352441     -2.23048153985243      3.47692599463696      c
   -4.60856958732812      0.00000000000000      4.92638372702954      c
   -5.33329845352441      2.23048153985243      3.47692599463696      c
   -3.32149602085623     -5.76152929070921      1.13166248995241      c
   -0.69940653612138     -6.61349341690132      1.13166248995241      c
    0.47322521622089     -5.76152929070921      3.47692599463696      c
   -1.42413540231767     -4.38301187704888      4.92638372702954      c
   -3.76939890700221     -4.38301187704888      3.47692599463696      c
   -0.47322521622089     -5.76152929070921     -3.47692599463696      c
    1.42413540231767     -4.38301187704888     -4.92638372702954      c
    3.76939890700221     -4.38301187704888     -3.47692599463696      c
    3.32149602085623     -5.76152929070921     -1.13166248995241      c
    0.69940653612138     -6.61349341690132     -1.13166248995241      c
    5.33329845352441     -2.23048153985243     -3.47692599463696      c
    4.60856958732812      0.00000000000000     -4.92638372702954      c
    5.33329845352441      2.23048153985243     -3.47692599463696      c
    6.50593020586668      1.37851741366032     -1.13166248995241      c
    6.50593020586668     -1.37851741366032     -1.13166248995241      c
    3.76939890700221      4.38301187704888     -3.47692599463696      c
    1.42413540231767      4.38301187704888     -4.92638372702954      c
   -0.47322521622089      5.76152929070921     -3.47692599463696      c
    0.69940653612138      6.61349341690132     -1.13166248995241      c
    3.32149602085623      5.76152929070921     -1.13166248995241      c
   -3.00368188115481      4.93932835098575     -3.47692599463696      c
   -3.72841074735110      2.70884681113331     -4.92638372702954      c
   -5.62577136588967      1.33034829473424     -3.47692599463696      c
   -6.07367425203565      2.70884681113331     -1.13166248995241      c
   -4.45313961354739      4.93932835098575     -1.13166248995241      c
   -5.62577136588967     -1.33034829473424     -3.47692599463696      c
   -3.72841074735110     -2.70884681113331     -4.92638372702954      c
   -3.00368188115481     -4.93932835098575     -3.47692599463696      c
   -4.45313961354739     -4.93932835098575     -1.13166248995241      c
   -6.07367425203565     -2.70884681113331     -1.13166248995241      c
   -1.89736061853856     -1.37851741366032     -6.32517790201104      c
   -1.89736061853856      1.37851741366032     -6.32517790201104      c
    0.72472886619629      2.23048153985243     -6.32517790201104      c
    2.34526350468454      0.00000000000000     -6.32517790201104      c
    0.72472886619629     -2.23048153985243     -6.32517790201104      c
   -2.34526350468454      0.00000000000000     29.00189140193412      c
   -0.72472886619629     -2.23048153985243     29.00189140193412      c
    1.89736061853856     -1.37851741366032     29.00189140193412      c
    1.89736061853856      1.37851741366032     29.00189140193412      c
   -0.72472886619629      2.23048153985243     29.00189140193412      c
    4.45313961354739     -4.93932835098575     23.80837598987549      c
    6.07367425203565     -2.70884681113331     23.80837598987549      c
    5.62577136588967     -1.33034829473424     26.15363949456003      c
    3.72841074735110     -2.70884681113331     27.60309722695262      c
    3.00368188115481     -4.93932835098575     26.15363949456003      c
    6.07367425203565      2.70884681113331     23.80837598987549      c
    4.45313961354739      4.93932835098575     23.80837598987549      c
    3.00368188115481      4.93932835098575     26.15363949456003      c
    3.72841074735110      2.70884681113331     27.60309722695262      c
    5.62577136588967      1.33034829473424     26.15363949456003      c
   -0.69940653612138      6.61349341690132     23.80837598987549      c
   -3.32149602085623      5.76152929070921     23.80837598987549      c
   -3.76939890700221      4.38301187704888     26.15363949456003      c
   -1.42413540231767      4.38301187704888     27.60309722695262      c
    0.47322521622089      5.76152929070921     26.15363949456003      c
   -6.50593020586668      1.37851741366032     23.80837598987549      c
   -6.50593020586668     -1.37851741366032     23.80837598987549      c
   -5.33329845352441     -2.23048153985243     26.15363949456003      c
   -4.60856958732812      0.00000000000000     27.60309722695262      c
   -5.33329845352441      2.23048153985243     26.15363949456003      c
   -3.32149602085623     -5.76152929070921     23.80837598987549      c
   -0.69940653612138     -6.61349341690132     23.80837598987549      c
    0.47322521622089     -5.76152929070921     26.15363949456003      c
   -1.42413540231767     -4.38301187704888     27.60309722695262      c
   -3.76939890700221     -4.38301187704888     26.15363949456003      c
   -0.47322521622089     -5.76152929070921     19.19978750528612      c
    1.42413540231767     -4.38301187704888     17.75032977289354      c
    3.76939890700221     -4.38301187704888     19.19978750528612      c
    3.32149602085623     -5.76152929070921     21.54505100997066      c
    0.69940653612138     -6.61349341690132     21.54505100997066      c
    5.33329845352441     -2.23048153985243     19.19978750528612      c
    4.60856958732812      0.00000000000000     17.75032977289354      c
    5.33329845352441      2.23048153985243     19.19978750528612      c
    6.50593020586668      1.37851741366032     21.54505100997066      c
    6.50593020586668     -1.37851741366032     21.54505100997066      c
    3.76939890700221      4.38301187704888     19.19978750528612      c
    1.42413540231767      4.38301187704888     17.75032977289354      c
   -0.47322521622089      5.76152929070921     19.19978750528612      c
    0.69940653612138      6.61349341690132     21.54505100997066      c
    3.32149602085623      5.76152929070921     21.54505100997066      c
   -3.00368188115481      4.93932835098575     19.19978750528612      c
   -3.72841074735110      2.70884681113331     17.75032977289354      c
   -5.62577136588967      1.33034829473424     19.19978750528612      c
   -6.07367425203565      2.70884681113331     21.54505100997066      c
   -4.45313961354739      4.93932835098575     21.54505100997066      c
   -5.62577136588967     -1.33034829473424     19.19978750528612      c
   -3.72841074735110     -2.70884681113331     17.75032977289354      c
   -3.00368188115481     -4.93932835098575     19.19978750528612      c
   -4.45313961354739     -4.93932835098575     21.54505100997066      c
   -6.07367425203565     -2.70884681113331     21.54505100997066      c
   -1.89736061853856     -1.37851741366032     16.35153559791203      c
   -1.89736061853856      1.37851741366032     16.35153559791203      c
    0.72472886619629      2.23048153985243     16.35153559791203      c
    2.34526350468454      0.00000000000000     16.35153559791203      c
    0.72472886619629     -2.23048153985243     16.35153559791203      c
$end
