$coord
   -2.34526350468454      0.00000000000000      6.32517790201104      c
   -0.72472886619629     -2.23048153985243      6.32517790201104      c
    1.89736061853856     -1.37851741366032      6.32517790201104      c
    1.89736061853856      1.37851741366032      6.32517790201104      c
   -0.72472886619629      2.23048153985243      6.32517790201104      c
    4.45313961354739     -4.93932835098575      1.13166248995241      c
    6.07367425203565     -2.70884681113331      1.13166248995241      c
    5.62577136588967     -1.33034829473424      3.47692599463696      c
    3.72841074735110     -2.70884681113331      4.92638372702954      c
    3.00368188115481     -4.93932835098575      3.47692599463696      c
    6.07367425203565      2.70884681113331      1.13166248995241      c
    4.45313961354739      4.93932835098575      1.13166248995241      c
    3.00368188115481      4.93932835098575      3.47692599463696      c
    3.72841074735110      2.70884681113331      4.92638372702954      c
    5.62577136588967      1.33034829473424      3.47692599463696      c
   -0.69940653612138      6.61349341690132      1.13166248995241      c
   -3.32149602085623      5.76152929070921      1.13166248995241      c
   -3.76939890700221      4.38301187704888      3.47692599463696      c
   -1.42413540231767      4.38301187704888      4.92638372702954      c
    0.47322521622089      5.76152929070921      3.47692599463696      c
   -6.50593020586668      1.37851741366032      1.13166248995241      c
   -6.50593020586668     -1.37851741366032      1.13166248995241      c
   -5.33329845352441     -2.23048153985243      3.47692599463696      c
   -4.60856958732812      0.00000000000000      4.92638372702954      c
   -5.33329845352441      2.23048153985243      3.47692599463696      c
   -3.32149602085623     -5.76152929070921      1.13166248995241      c
   -0.69940653612138     -6.61349341690132      1.13166248995241      c
    0.47322521622089     -5.76152929070921      3.47692599463696      c
   -1.42413540231767     -4.38301187704888      4.92638372702954      c
   -3.76939890700221     -4.38301187704888      3.47692599463696      c
   -0.47322521622089     -5.76152929070921     -3.47692599463696      c
    1.42413540231767     -4.38301187704888     -4.92638372702954      c
    3.76939890700221     -4.38301187704888     -3.47692599463696      c
    3.32149602085623     -5.76152929070921     -1.13166248995241      c
    0.69940653612138     -6.61349341690132     -1.13166248995241      c
    5.33329845352441     -2.23048153985243     -3.47692599463696      c
    4.60856958732812      0.00000000000000     -4.92638372702954      c
    5.33329845352441      2.23048153985243     -3.47692599463696      c
    6.50593020586668      1.37851741366032     -1.13166248995241      c
    6.50593020586668     -1.37851741366032     -1.13166248995241      c
    3.76939890700221      4.38301187704888     -3.47692599463696      c
    1.42413540231767      4.38301187704888     -4.92638372702954      c
   -0.47322521622089      5.76152929070921     -3.47692599463696      c
    0.69940653612138      6.61349341690132     -1.13166248995241      c
    3.32149602085623      5.76152929070921     -1.13166248995241      c
   -3.00368188115481      4.93932835098575     -3.47692599463696      c
   -3.72841074735110      2.70884681113331     -4.92638372702954      c
   -5.62577136588967      1.33034829473424     -3.47692599463696      c
   -6.07367425203565      2.70884681113331     -1.13166248995241      c
   -4.45313961354739      4.93932835098575     -1.13166248995241      c
   -5.62577136588967     -1.33034829473424     -3.47692599463696      c
   -3.72841074735110     -2.70884681113331     -4.92638372702954      c
   -3.00368188115481     -4.93932835098575     -3.47692599463696      c
   -4.45313961354739     -4.93932835098575     -1.13166248995241      c
   -6.07367425203565     -2.70884681113331     -1.13166248995241      c
   -1.89736061853856     -1.37851741366032     -6.32517790201104      c
   -1.89736061853856      1.37851741366032     -6.32517790201104      c
    0.72472886619629      2.23048153985243     -6.32517790201104      c
    2.34526350468454      0.00000000000000     -6.32517790201104      c
    0.72472886619629     -2.23048153985243     -6.32517790201104      c
   -2.34526350468454      0.00000000000000     30.89161752692771      c
   -0.72472886619629     -2.23048153985243     30.89161752692771      c
    1.89736061853856     -1.37851741366032     30.89161752692771      c
    1.89736061853856      1.37851741366032     30.89161752692771      c
   -0.72472886619629      2.23048153985243     30.89161752692771      c
    4.45313961354739     -4.93932835098575     25.69810211486908      c
    6.07367425203565     -2.70884681113331     25.69810211486908      c
    5.62577136588967     -1.33034829473424     28.04336561955362      c
    3.72841074735110     -2.70884681113331     29.49282335194621      c
    3.00368188115481     -4.93932835098575     28.04336561955362      c
    6.07367425203565      2.70884681113331     25.69810211486908      c
    4.45313961354739      4.93932835098575     25.69810211486908      c
    3.00368188115481      4.93932835098575     28.04336561955362      c
    3.72841074735110      2.70884681113331     29.49282335194621      c
    5.62577136588967      1.33034829473424     28.04336561955362      c
   -0.69940653612138      6.61349341690132     25.69810211486908      c
   -3.32149602085623      5.76152929070921     25.69810211486908      c
   -3.76939890700221      4.38301187704888     28.04336561955362      c
   -1.42413540231767      4.38301187704888     29.49282335194621      c
    0.47322521622089      5.76152929070921     28.04336561955362      c
   -6.50593020586668      1.37851741366032     25.69810211486908      c
   -6.50593020586668     -1.37851741366032     25.69810211486908      c
   -5.33329845352441     -2.23048153985243     28.04336561955362      c
   -4.60856958732812      0.00000000000000     29.49282335194621      c
   -5.33329845352441      2.23048153985243     28.04336561955362      c
   -3.32149602085623     -5.76152929070921     25.69810211486908      c
   -0.69940653612138     -6.61349341690132     25.69810211486908      c
    0.47322521622089     -5.76152929070921     28.04336561955362      c
   -1.42413540231767     -4.38301187704888     29.49282335194621      c
   -3.76939890700221     -4.38301187704888     28.04336561955362      c
   -0.47322521622089     -5.76152929070921     21.08951363027971      c
    1.42413540231767     -4.38301187704888     19.64005589788713      c
    3.76939890700221     -4.38301187704888     21.08951363027971      c
    3.32149602085623     -5.76152929070921     23.43477713496425      c
    0.69940653612138     -6.61349341690132     23.43477713496425      c
    5.33329845352441     -2.23048153985243     21.08951363027971      c
    4.60856958732812      0.00000000000000     19.64005589788713      c
    5.33329845352441      2.23048153985243     21.08951363027971      c
    6.50593020586668      1.37851741366032     23.43477713496425      c
    6.50593020586668     -1.37851741366032     23.43477713496425      c
    3.76939890700221      4.38301187704888     21.08951363027971      c
    1.42413540231767      4.38301187704888     19.64005589788713      c
   -0.47322521622089      5.76152929070921     21.08951363027971      c
    0.69940653612138      6.61349341690132     23.43477713496425      c
    3.32149602085623      5.76152929070921     23.43477713496425      c
   -3.00368188115481      4.93932835098575     21.08951363027971      c
   -3.72841074735110      2.70884681113331     19.64005589788713      c
   -5.62577136588967      1.33034829473424     21.08951363027971      c
   -6.07367425203565      2.70884681113331     23.43477713496425      c
   -4.45313961354739      4.93932835098575     23.43477713496425      c
   -5.62577136588967     -1.33034829473424     21.08951363027971      c
   -3.72841074735110     -2.70884681113331     19.64005589788713      c
   -3.00368188115481     -4.93932835098575     21.08951363027971      c
   -4.45313961354739     -4.93932835098575     23.43477713496425      c
   -6.07367425203565     -2.70884681113331     23.43477713496425      c
   -1.89736061853856     -1.37851741366032     18.24126172290562      c
   -1.89736061853856      1.37851741366032     18.24126172290562      c
    0.72472886619629      2.23048153985243     18.24126172290562      c
    2.34526350468454      0.00000000000000     18.24126172290562      c
    0.72472886619629     -2.23048153985243     18.24126172290562      c
$end
