$coord
   -2.34526350468454      0.00000000000000      6.32517790201104      c
   -0.72472886619629     -2.23048153985243      6.32517790201104      c
    1.89736061853856     -1.37851741366032      6.32517790201104      c
    1.89736061853856      1.37851741366032      6.32517790201104      c
   -0.72472886619629      2.23048153985243      6.32517790201104      c
    4.45313961354739     -4.93932835098575      1.13166248995241      c
    6.07367425203565     -2.70884681113331      1.13166248995241      c
    5.62577136588967     -1.33034829473424      3.47692599463696      c
    3.72841074735110     -2.70884681113331      4.92638372702954      c
    3.00368188115481     -4.93932835098575      3.47692599463696      c
    6.07367425203565      2.70884681113331      1.13166248995241      c
    4.45313961354739      4.93932835098575      1.13166248995241      c
    3.00368188115481      4.93932835098575      3.47692599463696      c
    3.72841074735110      2.70884681113331      4.92638372702954      c
    5.62577136588967      1.33034829473424      3.47692599463696      c
   -0.69940653612138      6.61349341690132      1.13166248995241      c
   -3.32149602085623      5.76152929070921      1.13166248995241      c
   -3.76939890700221      4.38301187704888      3.47692599463696      c
   -1.42413540231767      4.38301187704888      4.92638372702954      c
    0.47322521622089      5.76152929070921      3.47692599463696      c
   -6.50593020586668      1.37851741366032      1.13166248995241      c
   -6.50593020586668     -1.37851741366032      1.13166248995241      c
   -5.33329845352441     -2.23048153985243      3.47692599463696      c
   -4.60856958732812      0.00000000000000      4.92638372702954      c
   -5.33329845352441      2.23048153985243      3.47692599463696      c
   -3.32149602085623     -5.76152929070921      1.13166248995241      c
   -0.69940653612138     -6.61349341690132      1.13166248995241      c
    0.47322521622089     -5.76152929070921      3.47692599463696      c
   -1.42413540231767     -4.38301187704888      4.92638372702954      c
   -3.76939890700221     -4.38301187704888      3.47692599463696      c
   -0.47322521622089     -5.76152929070921     -3.47692599463696      c
    1.42413540231767     -4.38301187704888     -4.92638372702954      c
    3.76939890700221     -4.38301187704888     -3.47692599463696      c
    3.32149602085623     -5.76152929070921     -1.13166248995241      c
    0.69940653612138     -6.61349341690132     -1.13166248995241      c
    5.33329845352441     -2.23048153985243     -3.47692599463696      c
    4.60856958732812      0.00000000000000     -4.92638372702954      c
    5.33329845352441      2.23048153985243     -3.47692599463696      c
    6.50593020586668      1.37851741366032     -1.13166248995241      c
    6.50593020586668     -1.37851741366032     -1.13166248995241      c
    3.76939890700221      4.38301187704888     -3.47692599463696      c
    1.42413540231767      4.38301187704888     -4.92638372702954      c
   -0.47322521622089      5.76152929070921     -3.47692599463696      c
    0.69940653612138      6.61349341690132     -1.13166248995241      c
    3.32149602085623      5.76152929070921     -1.13166248995241      c
   -3.00368188115481      4.93932835098575     -3.47692599463696      c
   -3.72841074735110      2.70884681113331     -4.92638372702954      c
   -5.62577136588967      1.33034829473424     -3.47692599463696      c
   -6.07367425203565      2.70884681113331     -1.13166248995241      c
   -4.45313961354739      4.93932835098575     -1.13166248995241      c
   -5.62577136588967     -1.33034829473424     -3.47692599463696      c
   -3.72841074735110     -2.70884681113331     -4.92638372702954      c
   -3.00368188115481     -4.93932835098575     -3.47692599463696      c
   -4.45313961354739     -4.93932835098575     -1.13166248995241      c
   -6.07367425203565     -2.70884681113331     -1.13166248995241      c
   -1.89736061853856     -1.37851741366032     -6.32517790201104      c
   -1.89736061853856      1.37851741366032     -6.32517790201104      c
    0.72472886619629      2.23048153985243     -6.32517790201104      c
    2.34526350468454      0.00000000000000     -6.32517790201104      c
    0.72472886619629     -2.23048153985243     -6.32517790201104      c
   -2.34526350468454      0.00000000000000     32.78134365192130      c
   -0.72472886619629     -2.23048153985243     32.78134365192130      c
    1.89736061853856     -1.37851741366032     32.78134365192130      c
    1.89736061853856      1.37851741366032     32.78134365192130      c
   -0.72472886619629      2.23048153985243     32.78134365192130      c
    4.45313961354739     -4.93932835098575     27.58782823986267      c
    6.07367425203565     -2.70884681113331     27.58782823986267      c
    5.62577136588967     -1.33034829473424     29.93309174454721      c
    3.72841074735110     -2.70884681113331     31.38254947693979      c
    3.00368188115481     -4.93932835098575     29.93309174454721      c
    6.07367425203565      2.70884681113331     27.58782823986267      c
    4.45313961354739      4.93932835098575     27.58782823986267      c
    3.00368188115481      4.93932835098575     29.93309174454721      c
    3.72841074735110      2.70884681113331     31.38254947693979      c
    5.62577136588967      1.33034829473424     29.93309174454721      c
   -0.69940653612138      6.61349341690132     27.58782823986267      c
   -3.32149602085623      5.76152929070921     27.58782823986267      c
   -3.76939890700221      4.38301187704888     29.93309174454721      c
   -1.42413540231767      4.38301187704888     31.38254947693979      c
    0.47322521622089      5.76152929070921     29.93309174454721      c
   -6.50593020586668      1.37851741366032     27.58782823986267      c
   -6.50593020586668     -1.37851741366032     27.58782823986267      c
   -5.33329845352441     -2.23048153985243     29.93309174454721      c
   -4.60856958732812      0.00000000000000     31.38254947693979      c
   -5.33329845352441      2.23048153985243     29.93309174454721      c
   -3.32149602085623     -5.76152929070921     27.58782823986267      c
   -0.69940653612138     -6.61349341690132     27.58782823986267      c
    0.47322521622089     -5.76152929070921     29.93309174454721      c
   -1.42413540231767     -4.38301187704888     31.38254947693979      c
   -3.76939890700221     -4.38301187704888     29.93309174454721      c
   -0.47322521622089     -5.76152929070921     22.97923975527330      c
    1.42413540231767     -4.38301187704888     21.52978202288072      c
    3.76939890700221     -4.38301187704888     22.97923975527330      c
    3.32149602085623     -5.76152929070921     25.32450325995784      c
    0.69940653612138     -6.61349341690132     25.32450325995784      c
    5.33329845352441     -2.23048153985243     22.97923975527330      c
    4.60856958732812      0.00000000000000     21.52978202288072      c
    5.33329845352441      2.23048153985243     22.97923975527330      c
    6.50593020586668      1.37851741366032     25.32450325995784      c
    6.50593020586668     -1.37851741366032     25.32450325995784      c
    3.76939890700221      4.38301187704888     22.97923975527330      c
    1.42413540231767      4.38301187704888     21.52978202288072      c
   -0.47322521622089      5.76152929070921     22.97923975527330      c
    0.69940653612138      6.61349341690132     25.32450325995784      c
    3.32149602085623      5.76152929070921     25.32450325995784      c
   -3.00368188115481      4.93932835098575     22.97923975527330      c
   -3.72841074735110      2.70884681113331     21.52978202288072      c
   -5.62577136588967      1.33034829473424     22.97923975527330      c
   -6.07367425203565      2.70884681113331     25.32450325995784      c
   -4.45313961354739      4.93932835098575     25.32450325995784      c
   -5.62577136588967     -1.33034829473424     22.97923975527330      c
   -3.72841074735110     -2.70884681113331     21.52978202288072      c
   -3.00368188115481     -4.93932835098575     22.97923975527330      c
   -4.45313961354739     -4.93932835098575     25.32450325995784      c
   -6.07367425203565     -2.70884681113331     25.32450325995784      c
   -1.89736061853856     -1.37851741366032     20.13098784789921      c
   -1.89736061853856      1.37851741366032     20.13098784789921      c
    0.72472886619629      2.23048153985243     20.13098784789921      c
    2.34526350468454      0.00000000000000     20.13098784789921      c
    0.72472886619629     -2.23048153985243     20.13098784789921      c
$end
