$coord
   -2.34526350468454      0.00000000000000      6.32517790201104      c
   -0.72472886619629     -2.23048153985243      6.32517790201104      c
    1.89736061853856     -1.37851741366032      6.32517790201104      c
    1.89736061853856      1.37851741366032      6.32517790201104      c
   -0.72472886619629      2.23048153985243      6.32517790201104      c
    4.45313961354739     -4.93932835098575      1.13166248995241      c
    6.07367425203565     -2.70884681113331      1.13166248995241      c
    5.62577136588967     -1.33034829473424      3.47692599463696      c
    3.72841074735110     -2.70884681113331      4.92638372702954      c
    3.00368188115481     -4.93932835098575      3.47692599463696      c
    6.07367425203565      2.70884681113331      1.13166248995241      c
    4.45313961354739      4.93932835098575      1.13166248995241      c
    3.00368188115481      4.93932835098575      3.47692599463696      c
    3.72841074735110      2.70884681113331      4.92638372702954      c
    5.62577136588967      1.33034829473424      3.47692599463696      c
   -0.69940653612138      6.61349341690132      1.13166248995241      c
   -3.32149602085623      5.76152929070921      1.13166248995241      c
   -3.76939890700221      4.38301187704888      3.47692599463696      c
   -1.42413540231767      4.38301187704888      4.92638372702954      c
    0.47322521622089      5.76152929070921      3.47692599463696      c
   -6.50593020586668      1.37851741366032      1.13166248995241      c
   -6.50593020586668     -1.37851741366032      1.13166248995241      c
   -5.33329845352441     -2.23048153985243      3.47692599463696      c
   -4.60856958732812      0.00000000000000      4.92638372702954      c
   -5.33329845352441      2.23048153985243      3.47692599463696      c
   -3.32149602085623     -5.76152929070921      1.13166248995241      c
   -0.69940653612138     -6.61349341690132      1.13166248995241      c
    0.47322521622089     -5.76152929070921      3.47692599463696      c
   -1.42413540231767     -4.38301187704888      4.92638372702954      c
   -3.76939890700221     -4.38301187704888      3.47692599463696      c
   -0.47322521622089     -5.76152929070921     -3.47692599463696      c
    1.42413540231767     -4.38301187704888     -4.92638372702954      c
    3.76939890700221     -4.38301187704888     -3.47692599463696      c
    3.32149602085623     -5.76152929070921     -1.13166248995241      c
    0.69940653612138     -6.61349341690132     -1.13166248995241      c
    5.33329845352441     -2.23048153985243     -3.47692599463696      c
    4.60856958732812      0.00000000000000     -4.92638372702954      c
    5.33329845352441      2.23048153985243     -3.47692599463696      c
    6.50593020586668      1.37851741366032     -1.13166248995241      c
    6.50593020586668     -1.37851741366032     -1.13166248995241      c
    3.76939890700221      4.38301187704888     -3.47692599463696      c
    1.42413540231767      4.38301187704888     -4.92638372702954      c
   -0.47322521622089      5.76152929070921     -3.47692599463696      c
    0.69940653612138      6.61349341690132     -1.13166248995241      c
    3.32149602085623      5.76152929070921     -1.13166248995241      c
   -3.00368188115481      4.93932835098575     -3.47692599463696      c
   -3.72841074735110      2.70884681113331     -4.92638372702954      c
   -5.62577136588967      1.33034829473424     -3.47692599463696      c
   -6.07367425203565      2.70884681113331     -1.13166248995241      c
   -4.45313961354739      4.93932835098575     -1.13166248995241      c
   -5.62577136588967     -1.33034829473424     -3.47692599463696      c
   -3.72841074735110     -2.70884681113331     -4.92638372702954      c
   -3.00368188115481     -4.93932835098575     -3.47692599463696      c
   -4.45313961354739     -4.93932835098575     -1.13166248995241      c
   -6.07367425203565     -2.70884681113331     -1.13166248995241      c
   -1.89736061853856     -1.37851741366032     -6.32517790201104      c
   -1.89736061853856      1.37851741366032     -6.32517790201104      c
    0.72472886619629      2.23048153985243     -6.32517790201104      c
    2.34526350468454      0.00000000000000     -6.32517790201104      c
    0.72472886619629     -2.23048153985243     -6.32517790201104      c
   -2.34526350468454      0.00000000000000     34.67106977691489      c
   -0.72472886619629     -2.23048153985243     34.67106977691489      c
    1.89736061853856     -1.37851741366032     34.67106977691489      c
    1.89736061853856      1.37851741366032     34.67106977691489      c
   -0.72472886619629      2.23048153985243     34.67106977691489      c
    4.45313961354739     -4.93932835098575     29.47755436485626      c
    6.07367425203565     -2.70884681113331     29.47755436485626      c
    5.62577136588967     -1.33034829473424     31.82281786954080      c
    3.72841074735110     -2.70884681113331     33.27227560193338      c
    3.00368188115481     -4.93932835098575     31.82281786954080      c
    6.07367425203565      2.70884681113331     29.47755436485626      c
    4.45313961354739      4.93932835098575     29.47755436485626      c
    3.00368188115481      4.93932835098575     31.82281786954080      c
    3.72841074735110      2.70884681113331     33.27227560193338      c
    5.62577136588967      1.33034829473424     31.82281786954080      c
   -0.69940653612138      6.61349341690132     29.47755436485626      c
   -3.32149602085623      5.76152929070921     29.47755436485626      c
   -3.76939890700221      4.38301187704888     31.82281786954080      c
   -1.42413540231767      4.38301187704888     33.27227560193338      c
    0.47322521622089      5.76152929070921     31.82281786954080      c
   -6.50593020586668      1.37851741366032     29.47755436485626      c
   -6.50593020586668     -1.37851741366032     29.47755436485626      c
   -5.33329845352441     -2.23048153985243     31.82281786954080      c
   -4.60856958732812      0.00000000000000     33.27227560193338      c
   -5.33329845352441      2.23048153985243     31.82281786954080      c
   -3.32149602085623     -5.76152929070921     29.47755436485626      c
   -0.69940653612138     -6.61349341690132     29.47755436485626      c
    0.47322521622089     -5.76152929070921     31.82281786954080      c
   -1.42413540231767     -4.38301187704888     33.27227560193338      c
   -3.76939890700221     -4.38301187704888     31.82281786954080      c
   -0.47322521622089     -5.76152929070921     24.86896588026689      c
    1.42413540231767     -4.38301187704888     23.41950814787431      c
    3.76939890700221     -4.38301187704888     24.86896588026689      c
    3.32149602085623     -5.76152929070921     27.21422938495143      c
    0.69940653612138     -6.61349341690132     27.21422938495143      c
    5.33329845352441     -2.23048153985243     24.86896588026689      c
    4.60856958732812      0.00000000000000     23.41950814787431      c
    5.33329845352441      2.23048153985243     24.86896588026689      c
    6.50593020586668      1.37851741366032     27.21422938495143      c
    6.50593020586668     -1.37851741366032     27.21422938495143      c
    3.76939890700221      4.38301187704888     24.86896588026689      c
    1.42413540231767      4.38301187704888     23.41950814787431      c
   -0.47322521622089      5.76152929070921     24.86896588026689      c
    0.69940653612138      6.61349341690132     27.21422938495143      c
    3.32149602085623      5.76152929070921     27.21422938495143      c
   -3.00368188115481      4.93932835098575     24.86896588026689      c
   -3.72841074735110      2.70884681113331     23.41950814787431      c
   -5.62577136588967      1.33034829473424     24.86896588026689      c
   -6.07367425203565      2.70884681113331     27.21422938495143      c
   -4.45313961354739      4.93932835098575     27.21422938495143      c
   -5.62577136588967     -1.33034829473424     24.86896588026689      c
   -3.72841074735110     -2.70884681113331     23.41950814787431      c
   -3.00368188115481     -4.93932835098575     24.86896588026689      c
   -4.45313961354739     -4.93932835098575     27.21422938495143      c
   -6.07367425203565     -2.70884681113331     27.21422938495143      c
   -1.89736061853856     -1.37851741366032     22.02071397289280      c
   -1.89736061853856      1.37851741366032     22.02071397289280      c
    0.72472886619629      2.23048153985243     22.02071397289280      c
    2.34526350468454      0.00000000000000     22.02071397289280      c
    0.72472886619629     -2.23048153985243     22.02071397289280      c
$end
