$coord
   -2.34526350468454      0.00000000000000      6.32517790201104      c
   -0.72472886619629     -2.23048153985243      6.32517790201104      c
    1.89736061853856     -1.37851741366032      6.32517790201104      c
    1.89736061853856      1.37851741366032      6.32517790201104      c
   -0.72472886619629      2.23048153985243      6.32517790201104      c
    4.45313961354739     -4.93932835098575      1.13166248995241      c
    6.07367425203565     -2.70884681113331      1.13166248995241      c
    5.62577136588967     -1.33034829473424      3.47692599463696      c
    3.72841074735110     -2.70884681113331      4.92638372702954      c
    3.00368188115481     -4.93932835098575      3.47692599463696      c
    6.07367425203565      2.70884681113331      1.13166248995241      c
    4.45313961354739      4.93932835098575      1.13166248995241      c
    3.00368188115481      4.93932835098575      3.47692599463696      c
    3.72841074735110      2.70884681113331      4.92638372702954      c
    5.62577136588967      1.33034829473424      3.47692599463696      c
   -0.69940653612138      6.61349341690132      1.13166248995241      c
   -3.32149602085623      5.76152929070921      1.13166248995241      c
   -3.76939890700221      4.38301187704888      3.47692599463696      c
   -1.42413540231767      4.38301187704888      4.92638372702954      c
    0.47322521622089      5.76152929070921      3.47692599463696      c
   -6.50593020586668      1.37851741366032      1.13166248995241      c
   -6.50593020586668     -1.37851741366032      1.13166248995241      c
   -5.33329845352441     -2.23048153985243      3.47692599463696      c
   -4.60856958732812      0.00000000000000      4.92638372702954      c
   -5.33329845352441      2.23048153985243      3.47692599463696      c
   -3.32149602085623     -5.76152929070921      1.13166248995241      c
   -0.69940653612138     -6.61349341690132      1.13166248995241      c
    0.47322521622089     -5.76152929070921      3.47692599463696      c
   -1.42413540231767     -4.38301187704888      4.92638372702954      c
   -3.76939890700221     -4.38301187704888      3.47692599463696      c
   -0.47322521622089     -5.76152929070921     -3.47692599463696      c
    1.42413540231767     -4.38301187704888     -4.92638372702954      c
    3.76939890700221     -4.38301187704888     -3.47692599463696      c
    3.32149602085623     -5.76152929070921     -1.13166248995241      c
    0.69940653612138     -6.61349341690132     -1.13166248995241      c
    5.33329845352441     -2.23048153985243     -3.47692599463696      c
    4.60856958732812      0.00000000000000     -4.92638372702954      c
    5.33329845352441      2.23048153985243     -3.47692599463696      c
    6.50593020586668      1.37851741366032     -1.13166248995241      c
    6.50593020586668     -1.37851741366032     -1.13166248995241      c
    3.76939890700221      4.38301187704888     -3.47692599463696      c
    1.42413540231767      4.38301187704888     -4.92638372702954      c
   -0.47322521622089      5.76152929070921     -3.47692599463696      c
    0.69940653612138      6.61349341690132     -1.13166248995241      c
    3.32149602085623      5.76152929070921     -1.13166248995241      c
   -3.00368188115481      4.93932835098575     -3.47692599463696      c
   -3.72841074735110      2.70884681113331     -4.92638372702954      c
   -5.62577136588967      1.33034829473424     -3.47692599463696      c
   -6.07367425203565      2.70884681113331     -1.13166248995241      c
   -4.45313961354739      4.93932835098575     -1.13166248995241      c
   -5.62577136588967     -1.33034829473424     -3.47692599463696      c
   -3.72841074735110     -2.70884681113331     -4.92638372702954      c
   -3.00368188115481     -4.93932835098575     -3.47692599463696      c
   -4.45313961354739     -4.93932835098575     -1.13166248995241      c
   -6.07367425203565     -2.70884681113331     -1.13166248995241      c
   -1.89736061853856     -1.37851741366032     -6.32517790201104      c
   -1.89736061853856      1.37851741366032     -6.32517790201104      c
    0.72472886619629      2.23048153985243     -6.32517790201104      c
    2.34526350468454      0.00000000000000     -6.32517790201104      c
    0.72472886619629     -2.23048153985243     -6.32517790201104      c
   -2.34526350468454      0.00000000000000     36.56079590190848      c
   -0.72472886619629     -2.23048153985243     36.56079590190848      c
    1.89736061853856     -1.37851741366032     36.56079590190848      c
    1.89736061853856      1.37851741366032     36.56079590190848      c
   -0.72472886619629      2.23048153985243     36.56079590190848      c
    4.45313961354739     -4.93932835098575     31.36728048984984      c
    6.07367425203565     -2.70884681113331     31.36728048984984      c
    5.62577136588967     -1.33034829473424     33.71254399453439      c
    3.72841074735110     -2.70884681113331     35.16200172692697      c
    3.00368188115481     -4.93932835098575     33.71254399453439      c
    6.07367425203565      2.70884681113331     31.36728048984984      c
    4.45313961354739      4.93932835098575     31.36728048984984      c
    3.00368188115481      4.93932835098575     33.71254399453439      c
    3.72841074735110      2.70884681113331     35.16200172692697      c
    5.62577136588967      1.33034829473424     33.71254399453439      c
   -0.69940653612138      6.61349341690132     31.36728048984984      c
   -3.32149602085623      5.76152929070921     31.36728048984984      c
   -3.76939890700221      4.38301187704888     33.71254399453439      c
   -1.42413540231767      4.38301187704888     35.16200172692697      c
    0.47322521622089      5.76152929070921     33.71254399453439      c
   -6.50593020586668      1.37851741366032     31.36728048984984      c
   -6.50593020586668     -1.37851741366032     31.36728048984984      c
   -5.33329845352441     -2.23048153985243     33.71254399453439      c
   -4.60856958732812      0.00000000000000     35.16200172692697      c
   -5.33329845352441      2.23048153985243     33.71254399453439      c
   -3.32149602085623     -5.76152929070921     31.36728048984984      c
   -0.69940653612138     -6.61349341690132     31.36728048984984      c
    0.47322521622089     -5.76152929070921     33.71254399453439      c
   -1.42413540231767     -4.38301187704888     35.16200172692697      c
   -3.76939890700221     -4.38301187704888     33.71254399453439      c
   -0.47322521622089     -5.76152929070921     26.75869200526048      c
    1.42413540231767     -4.38301187704888     25.30923427286790      c
    3.76939890700221     -4.38301187704888     26.75869200526048      c
    3.32149602085623     -5.76152929070921     29.10395550994502      c
    0.69940653612138     -6.61349341690132     29.10395550994502      c
    5.33329845352441     -2.23048153985243     26.75869200526048      c
    4.60856958732812      0.00000000000000     25.30923427286790      c
    5.33329845352441      2.23048153985243     26.75869200526048      c
    6.50593020586668      1.37851741366032     29.10395550994502      c
    6.50593020586668     -1.37851741366032     29.10395550994502      c
    3.76939890700221      4.38301187704888     26.75869200526048      c
    1.42413540231767      4.38301187704888     25.30923427286790      c
   -0.47322521622089      5.76152929070921     26.75869200526048      c
    0.69940653612138      6.61349341690132     29.10395550994502      c
    3.32149602085623      5.76152929070921     29.10395550994502      c
   -3.00368188115481      4.93932835098575     26.75869200526048      c
   -3.72841074735110      2.70884681113331     25.30923427286790      c
   -5.62577136588967      1.33034829473424     26.75869200526048      c
   -6.07367425203565      2.70884681113331     29.10395550994502      c
   -4.45313961354739      4.93932835098575     29.10395550994502      c
   -5.62577136588967     -1.33034829473424     26.75869200526048      c
   -3.72841074735110     -2.70884681113331     25.30923427286790      c
   -3.00368188115481     -4.93932835098575     26.75869200526048      c
   -4.45313961354739     -4.93932835098575     29.10395550994502      c
   -6.07367425203565     -2.70884681113331     29.10395550994502      c
   -1.89736061853856     -1.37851741366032     23.91044009788639      c
   -1.89736061853856      1.37851741366032     23.91044009788639      c
    0.72472886619629      2.23048153985243     23.91044009788639      c
    2.34526350468454      0.00000000000000     23.91044009788639      c
    0.72472886619629     -2.23048153985243     23.91044009788639      c
$end
