$coord
   -2.34526350468454      0.00000000000000      6.32517790201104      c
   -0.72472886619629     -2.23048153985243      6.32517790201104      c
    1.89736061853856     -1.37851741366032      6.32517790201104      c
    1.89736061853856      1.37851741366032      6.32517790201104      c
   -0.72472886619629      2.23048153985243      6.32517790201104      c
    4.45313961354739     -4.93932835098575      1.13166248995241      c
    6.07367425203565     -2.70884681113331      1.13166248995241      c
    5.62577136588967     -1.33034829473424      3.47692599463696      c
    3.72841074735110     -2.70884681113331      4.92638372702954      c
    3.00368188115481     -4.93932835098575      3.47692599463696      c
    6.07367425203565      2.70884681113331      1.13166248995241      c
    4.45313961354739      4.93932835098575      1.13166248995241      c
    3.00368188115481      4.93932835098575      3.47692599463696      c
    3.72841074735110      2.70884681113331      4.92638372702954      c
    5.62577136588967      1.33034829473424      3.47692599463696      c
   -0.69940653612138      6.61349341690132      1.13166248995241      c
   -3.32149602085623      5.76152929070921      1.13166248995241      c
   -3.76939890700221      4.38301187704888      3.47692599463696      c
   -1.42413540231767      4.38301187704888      4.92638372702954      c
    0.47322521622089      5.76152929070921      3.47692599463696      c
   -6.50593020586668      1.37851741366032      1.13166248995241      c
   -6.50593020586668     -1.37851741366032      1.13166248995241      c
   -5.33329845352441     -2.23048153985243      3.47692599463696      c
   -4.60856958732812      0.00000000000000      4.92638372702954      c
   -5.33329845352441      2.23048153985243      3.47692599463696      c
   -3.32149602085623     -5.76152929070921      1.13166248995241      c
   -0.69940653612138     -6.61349341690132      1.13166248995241      c
    0.47322521622089     -5.76152929070921      3.47692599463696      c
   -1.42413540231767     -4.38301187704888      4.92638372702954      c
   -3.76939890700221     -4.38301187704888      3.47692599463696      c
   -0.47322521622089     -5.76152929070921     -3.47692599463696      c
    1.42413540231767     -4.38301187704888     -4.92638372702954      c
    3.76939890700221     -4.38301187704888     -3.47692599463696      c
    3.32149602085623     -5.76152929070921     -1.13166248995241      c
    0.69940653612138     -6.61349341690132     -1.13166248995241      c
    5.33329845352441     -2.23048153985243     -3.47692599463696      c
    4.60856958732812      0.00000000000000     -4.92638372702954      c
    5.33329845352441      2.23048153985243     -3.47692599463696      c
    6.50593020586668      1.37851741366032     -1.13166248995241      c
    6.50593020586668     -1.37851741366032     -1.13166248995241      c
    3.76939890700221      4.38301187704888     -3.47692599463696      c
    1.42413540231767      4.38301187704888     -4.92638372702954      c
   -0.47322521622089      5.76152929070921     -3.47692599463696      c
    0.69940653612138      6.61349341690132     -1.13166248995241      c
    3.32149602085623      5.76152929070921     -1.13166248995241      c
   -3.00368188115481      4.93932835098575     -3.47692599463696      c
   -3.72841074735110      2.70884681113331     -4.92638372702954      c
   -5.62577136588967      1.33034829473424     -3.47692599463696      c
   -6.07367425203565      2.70884681113331     -1.13166248995241      c
   -4.45313961354739      4.93932835098575     -1.13166248995241      c
   -5.62577136588967     -1.33034829473424     -3.47692599463696      c
   -3.72841074735110     -2.70884681113331     -4.92638372702954      c
   -3.00368188115481     -4.93932835098575     -3.47692599463696      c
   -4.45313961354739     -4.93932835098575     -1.13166248995241      c
   -6.07367425203565     -2.70884681113331     -1.13166248995241      c
   -1.89736061853856     -1.37851741366032     -6.32517790201104      c
   -1.89736061853856      1.37851741366032     -6.32517790201104      c
    0.72472886619629      2.23048153985243     -6.32517790201104      c
    2.34526350468454      0.00000000000000     -6.32517790201104      c
    0.72472886619629     -2.23048153985243     -6.32517790201104      c
   -2.34526350468454      0.00000000000000     38.45052202690207      c
   -0.72472886619629     -2.23048153985243     38.45052202690207      c
    1.89736061853856     -1.37851741366032     38.45052202690207      c
    1.89736061853856      1.37851741366032     38.45052202690207      c
   -0.72472886619629      2.23048153985243     38.45052202690207      c
    4.45313961354739     -4.93932835098575     33.25700661484343      c
    6.07367425203565     -2.70884681113331     33.25700661484343      c
    5.62577136588967     -1.33034829473424     35.60227011952798      c
    3.72841074735110     -2.70884681113331     37.05172785192056      c
    3.00368188115481     -4.93932835098575     35.60227011952798      c
    6.07367425203565      2.70884681113331     33.25700661484343      c
    4.45313961354739      4.93932835098575     33.25700661484343      c
    3.00368188115481      4.93932835098575     35.60227011952798      c
    3.72841074735110      2.70884681113331     37.05172785192056      c
    5.62577136588967      1.33034829473424     35.60227011952798      c
   -0.69940653612138      6.61349341690132     33.25700661484343      c
   -3.32149602085623      5.76152929070921     33.25700661484343      c
   -3.76939890700221      4.38301187704888     35.60227011952798      c
   -1.42413540231767      4.38301187704888     37.05172785192056      c
    0.47322521622089      5.76152929070921     35.60227011952798      c
   -6.50593020586668      1.37851741366032     33.25700661484343      c
   -6.50593020586668     -1.37851741366032     33.25700661484343      c
   -5.33329845352441     -2.23048153985243     35.60227011952798      c
   -4.60856958732812      0.00000000000000     37.05172785192056      c
   -5.33329845352441      2.23048153985243     35.60227011952798      c
   -3.32149602085623     -5.76152929070921     33.25700661484343      c
   -0.69940653612138     -6.61349341690132     33.25700661484343      c
    0.47322521622089     -5.76152929070921     35.60227011952798      c
   -1.42413540231767     -4.38301187704888     37.05172785192056      c
   -3.76939890700221     -4.38301187704888     35.60227011952798      c
   -0.47322521622089     -5.76152929070921     28.64841813025407      c
    1.42413540231767     -4.38301187704888     27.19896039786149      c
    3.76939890700221     -4.38301187704888     28.64841813025407      c
    3.32149602085623     -5.76152929070921     30.99368163493862      c
    0.69940653612138     -6.61349341690132     30.99368163493862      c
    5.33329845352441     -2.23048153985243     28.64841813025407      c
    4.60856958732812      0.00000000000000     27.19896039786149      c
    5.33329845352441      2.23048153985243     28.64841813025407      c
    6.50593020586668      1.37851741366032     30.99368163493862      c
    6.50593020586668     -1.37851741366032     30.99368163493862      c
    3.76939890700221      4.38301187704888     28.64841813025407      c
    1.42413540231767      4.38301187704888     27.19896039786149      c
   -0.47322521622089      5.76152929070921     28.64841813025407      c
    0.69940653612138      6.61349341690132     30.99368163493862      c
    3.32149602085623      5.76152929070921     30.99368163493862      c
   -3.00368188115481      4.93932835098575     28.64841813025407      c
   -3.72841074735110      2.70884681113331     27.19896039786149      c
   -5.62577136588967      1.33034829473424     28.64841813025407      c
   -6.07367425203565      2.70884681113331     30.99368163493862      c
   -4.45313961354739      4.93932835098575     30.99368163493862      c
   -5.62577136588967     -1.33034829473424     28.64841813025407      c
   -3.72841074735110     -2.70884681113331     27.19896039786149      c
   -3.00368188115481     -4.93932835098575     28.64841813025407      c
   -4.45313961354739     -4.93932835098575     30.99368163493862      c
   -6.07367425203565     -2.70884681113331     30.99368163493862      c
   -1.89736061853856     -1.37851741366032     25.80016622287998      c
   -1.89736061853856      1.37851741366032     25.80016622287998      c
    0.72472886619629      2.23048153985243     25.80016622287998      c
    2.34526350468454      0.00000000000000     25.80016622287998      c
    0.72472886619629     -2.23048153985243     25.80016622287998      c
$end
