$coord
   -2.34526350468454      0.00000000000000      6.32517790201104      c
   -0.72472886619629     -2.23048153985243      6.32517790201104      c
    1.89736061853856     -1.37851741366032      6.32517790201104      c
    1.89736061853856      1.37851741366032      6.32517790201104      c
   -0.72472886619629      2.23048153985243      6.32517790201104      c
    4.45313961354739     -4.93932835098575      1.13166248995241      c
    6.07367425203565     -2.70884681113331      1.13166248995241      c
    5.62577136588967     -1.33034829473424      3.47692599463696      c
    3.72841074735110     -2.70884681113331      4.92638372702954      c
    3.00368188115481     -4.93932835098575      3.47692599463696      c
    6.07367425203565      2.70884681113331      1.13166248995241      c
    4.45313961354739      4.93932835098575      1.13166248995241      c
    3.00368188115481      4.93932835098575      3.47692599463696      c
    3.72841074735110      2.70884681113331      4.92638372702954      c
    5.62577136588967      1.33034829473424      3.47692599463696      c
   -0.69940653612138      6.61349341690132      1.13166248995241      c
   -3.32149602085623      5.76152929070921      1.13166248995241      c
   -3.76939890700221      4.38301187704888      3.47692599463696      c
   -1.42413540231767      4.38301187704888      4.92638372702954      c
    0.47322521622089      5.76152929070921      3.47692599463696      c
   -6.50593020586668      1.37851741366032      1.13166248995241      c
   -6.50593020586668     -1.37851741366032      1.13166248995241      c
   -5.33329845352441     -2.23048153985243      3.47692599463696      c
   -4.60856958732812      0.00000000000000      4.92638372702954      c
   -5.33329845352441      2.23048153985243      3.47692599463696      c
   -3.32149602085623     -5.76152929070921      1.13166248995241      c
   -0.69940653612138     -6.61349341690132      1.13166248995241      c
    0.47322521622089     -5.76152929070921      3.47692599463696      c
   -1.42413540231767     -4.38301187704888      4.92638372702954      c
   -3.76939890700221     -4.38301187704888      3.47692599463696      c
   -0.47322521622089     -5.76152929070921     -3.47692599463696      c
    1.42413540231767     -4.38301187704888     -4.92638372702954      c
    3.76939890700221     -4.38301187704888     -3.47692599463696      c
    3.32149602085623     -5.76152929070921     -1.13166248995241      c
    0.69940653612138     -6.61349341690132     -1.13166248995241      c
    5.33329845352441     -2.23048153985243     -3.47692599463696      c
    4.60856958732812      0.00000000000000     -4.92638372702954      c
    5.33329845352441      2.23048153985243     -3.47692599463696      c
    6.50593020586668      1.37851741366032     -1.13166248995241      c
    6.50593020586668     -1.37851741366032     -1.13166248995241      c
    3.76939890700221      4.38301187704888     -3.47692599463696      c
    1.42413540231767      4.38301187704888     -4.92638372702954      c
   -0.47322521622089      5.76152929070921     -3.47692599463696      c
    0.69940653612138      6.61349341690132     -1.13166248995241      c
    3.32149602085623      5.76152929070921     -1.13166248995241      c
   -3.00368188115481      4.93932835098575     -3.47692599463696      c
   -3.72841074735110      2.70884681113331     -4.92638372702954      c
   -5.62577136588967      1.33034829473424     -3.47692599463696      c
   -6.07367425203565      2.70884681113331     -1.13166248995241      c
   -4.45313961354739      4.93932835098575     -1.13166248995241      c
   -5.62577136588967     -1.33034829473424     -3.47692599463696      c
   -3.72841074735110     -2.70884681113331     -4.92638372702954      c
   -3.00368188115481     -4.93932835098575     -3.47692599463696      c
   -4.45313961354739     -4.93932835098575     -1.13166248995241      c
   -6.07367425203565     -2.70884681113331     -1.13166248995241      c
   -1.89736061853856     -1.37851741366032     -6.32517790201104      c
   -1.89736061853856      1.37851741366032     -6.32517790201104      c
    0.72472886619629      2.23048153985243     -6.32517790201104      c
    2.34526350468454      0.00000000000000     -6.32517790201104      c
    0.72472886619629     -2.23048153985243     -6.32517790201104      c
   -2.34526350468454      0.00000000000000     40.34024815189566      c
   -0.72472886619629     -2.23048153985243     40.34024815189566      c
    1.89736061853856     -1.37851741366032     40.34024815189566      c
    1.89736061853856      1.37851741366032     40.34024815189566      c
   -0.72472886619629      2.23048153985243     40.34024815189566      c
    4.45313961354739     -4.93932835098575     35.14673273983702      c
    6.07367425203565     -2.70884681113331     35.14673273983702      c
    5.62577136588967     -1.33034829473424     37.49199624452157      c
    3.72841074735110     -2.70884681113331     38.94145397691415      c
    3.00368188115481     -4.93932835098575     37.49199624452157      c
    6.07367425203565      2.70884681113331     35.14673273983702      c
    4.45313961354739      4.93932835098575     35.14673273983702      c
    3.00368188115481      4.93932835098575     37.49199624452157      c
    3.72841074735110      2.70884681113331     38.94145397691415      c
    5.62577136588967      1.33034829473424     37.49199624452157      c
   -0.69940653612138      6.61349341690132     35.14673273983702      c
   -3.32149602085623      5.76152929070921     35.14673273983702      c
   -3.76939890700221      4.38301187704888     37.49199624452157      c
   -1.42413540231767      4.38301187704888     38.94145397691415      c
    0.47322521622089      5.76152929070921     37.49199624452157      c
   -6.50593020586668      1.37851741366032     35.14673273983702      c
   -6.50593020586668     -1.37851741366032     35.14673273983702      c
   -5.33329845352441     -2.23048153985243     37.49199624452157      c
   -4.60856958732812      0.00000000000000     38.94145397691415      c
   -5.33329845352441      2.23048153985243     37.49199624452157      c
   -3.32149602085623     -5.76152929070921     35.14673273983702      c
   -0.69940653612138     -6.61349341690132     35.14673273983702      c
    0.47322521622089     -5.76152929070921     37.49199624452157      c
   -1.42413540231767     -4.38301187704888     38.94145397691415      c
   -3.76939890700221     -4.38301187704888     37.49199624452157      c
   -0.47322521622089     -5.76152929070921     30.53814425524766      c
    1.42413540231767     -4.38301187704888     29.08868652285507      c
    3.76939890700221     -4.38301187704888     30.53814425524766      c
    3.32149602085623     -5.76152929070921     32.88340775993220      c
    0.69940653612138     -6.61349341690132     32.88340775993220      c
    5.33329845352441     -2.23048153985243     30.53814425524766      c
    4.60856958732812      0.00000000000000     29.08868652285507      c
    5.33329845352441      2.23048153985243     30.53814425524766      c
    6.50593020586668      1.37851741366032     32.88340775993220      c
    6.50593020586668     -1.37851741366032     32.88340775993220      c
    3.76939890700221      4.38301187704888     30.53814425524766      c
    1.42413540231767      4.38301187704888     29.08868652285507      c
   -0.47322521622089      5.76152929070921     30.53814425524766      c
    0.69940653612138      6.61349341690132     32.88340775993220      c
    3.32149602085623      5.76152929070921     32.88340775993220      c
   -3.00368188115481      4.93932835098575     30.53814425524766      c
   -3.72841074735110      2.70884681113331     29.08868652285507      c
   -5.62577136588967      1.33034829473424     30.53814425524766      c
   -6.07367425203565      2.70884681113331     32.88340775993220      c
   -4.45313961354739      4.93932835098575     32.88340775993220      c
   -5.62577136588967     -1.33034829473424     30.53814425524766      c
   -3.72841074735110     -2.70884681113331     29.08868652285507      c
   -3.00368188115481     -4.93932835098575     30.53814425524766      c
   -4.45313961354739     -4.93932835098575     32.88340775993220      c
   -6.07367425203565     -2.70884681113331     32.88340775993220      c
   -1.89736061853856     -1.37851741366032     27.68989234787357      c
   -1.89736061853856      1.37851741366032     27.68989234787357      c
    0.72472886619629      2.23048153985243     27.68989234787357      c
    2.34526350468454      0.00000000000000     27.68989234787357      c
    0.72472886619629     -2.23048153985243     27.68989234787357      c
$end
