$coord
   -2.34526350468454      0.00000000000000      6.32517790201104      c
   -0.72472886619629     -2.23048153985243      6.32517790201104      c
    1.89736061853856     -1.37851741366032      6.32517790201104      c
    1.89736061853856      1.37851741366032      6.32517790201104      c
   -0.72472886619629      2.23048153985243      6.32517790201104      c
    4.45313961354739     -4.93932835098575      1.13166248995241      c
    6.07367425203565     -2.70884681113331      1.13166248995241      c
    5.62577136588967     -1.33034829473424      3.47692599463696      c
    3.72841074735110     -2.70884681113331      4.92638372702954      c
    3.00368188115481     -4.93932835098575      3.47692599463696      c
    6.07367425203565      2.70884681113331      1.13166248995241      c
    4.45313961354739      4.93932835098575      1.13166248995241      c
    3.00368188115481      4.93932835098575      3.47692599463696      c
    3.72841074735110      2.70884681113331      4.92638372702954      c
    5.62577136588967      1.33034829473424      3.47692599463696      c
   -0.69940653612138      6.61349341690132      1.13166248995241      c
   -3.32149602085623      5.76152929070921      1.13166248995241      c
   -3.76939890700221      4.38301187704888      3.47692599463696      c
   -1.42413540231767      4.38301187704888      4.92638372702954      c
    0.47322521622089      5.76152929070921      3.47692599463696      c
   -6.50593020586668      1.37851741366032      1.13166248995241      c
   -6.50593020586668     -1.37851741366032      1.13166248995241      c
   -5.33329845352441     -2.23048153985243      3.47692599463696      c
   -4.60856958732812      0.00000000000000      4.92638372702954      c
   -5.33329845352441      2.23048153985243      3.47692599463696      c
   -3.32149602085623     -5.76152929070921      1.13166248995241      c
   -0.69940653612138     -6.61349341690132      1.13166248995241      c
    0.47322521622089     -5.76152929070921      3.47692599463696      c
   -1.42413540231767     -4.38301187704888      4.92638372702954      c
   -3.76939890700221     -4.38301187704888      3.47692599463696      c
   -0.47322521622089     -5.76152929070921     -3.47692599463696      c
    1.42413540231767     -4.38301187704888     -4.92638372702954      c
    3.76939890700221     -4.38301187704888     -3.47692599463696      c
    3.32149602085623     -5.76152929070921     -1.13166248995241      c
    0.69940653612138     -6.61349341690132     -1.13166248995241      c
    5.33329845352441     -2.23048153985243     -3.47692599463696      c
    4.60856958732812      0.00000000000000     -4.92638372702954      c
    5.33329845352441      2.23048153985243     -3.47692599463696      c
    6.50593020586668      1.37851741366032     -1.13166248995241      c
    6.50593020586668     -1.37851741366032     -1.13166248995241      c
    3.76939890700221      4.38301187704888     -3.47692599463696      c
    1.42413540231767      4.38301187704888     -4.92638372702954      c
   -0.47322521622089      5.76152929070921     -3.47692599463696      c
    0.69940653612138      6.61349341690132     -1.13166248995241      c
    3.32149602085623      5.76152929070921     -1.13166248995241      c
   -3.00368188115481      4.93932835098575     -3.47692599463696      c
   -3.72841074735110      2.70884681113331     -4.92638372702954      c
   -5.62577136588967      1.33034829473424     -3.47692599463696      c
   -6.07367425203565      2.70884681113331     -1.13166248995241      c
   -4.45313961354739      4.93932835098575     -1.13166248995241      c
   -5.62577136588967     -1.33034829473424     -3.47692599463696      c
   -3.72841074735110     -2.70884681113331     -4.92638372702954      c
   -3.00368188115481     -4.93932835098575     -3.47692599463696      c
   -4.45313961354739     -4.93932835098575     -1.13166248995241      c
   -6.07367425203565     -2.70884681113331     -1.13166248995241      c
   -1.89736061853856     -1.37851741366032     -6.32517790201104      c
   -1.89736061853856      1.37851741366032     -6.32517790201104      c
    0.72472886619629      2.23048153985243     -6.32517790201104      c
    2.34526350468454      0.00000000000000     -6.32517790201104      c
    0.72472886619629     -2.23048153985243     -6.32517790201104      c
   -2.34526350468454      0.00000000000000     42.22997427688924      c
   -0.72472886619629     -2.23048153985243     42.22997427688924      c
    1.89736061853856     -1.37851741366032     42.22997427688924      c
    1.89736061853856      1.37851741366032     42.22997427688924      c
   -0.72472886619629      2.23048153985243     42.22997427688924      c
    4.45313961354739     -4.93932835098575     37.03645886483061      c
    6.07367425203565     -2.70884681113331     37.03645886483061      c
    5.62577136588967     -1.33034829473424     39.38172236951516      c
    3.72841074735110     -2.70884681113331     40.83118010190774      c
    3.00368188115481     -4.93932835098575     39.38172236951516      c
    6.07367425203565      2.70884681113331     37.03645886483061      c
    4.45313961354739      4.93932835098575     37.03645886483061      c
    3.00368188115481      4.93932835098575     39.38172236951516      c
    3.72841074735110      2.70884681113331     40.83118010190774      c
    5.62577136588967      1.33034829473424     39.38172236951516      c
   -0.69940653612138      6.61349341690132     37.03645886483061      c
   -3.32149602085623      5.76152929070921     37.03645886483061      c
   -3.76939890700221      4.38301187704888     39.38172236951516      c
   -1.42413540231767      4.38301187704888     40.83118010190774      c
    0.47322521622089      5.76152929070921     39.38172236951516      c
   -6.50593020586668      1.37851741366032     37.03645886483061      c
   -6.50593020586668     -1.37851741366032     37.03645886483061      c
   -5.33329845352441     -2.23048153985243     39.38172236951516      c
   -4.60856958732812      0.00000000000000     40.83118010190774      c
   -5.33329845352441      2.23048153985243     39.38172236951516      c
   -3.32149602085623     -5.76152929070921     37.03645886483061      c
   -0.69940653612138     -6.61349341690132     37.03645886483061      c
    0.47322521622089     -5.76152929070921     39.38172236951516      c
   -1.42413540231767     -4.38301187704888     40.83118010190774      c
   -3.76939890700221     -4.38301187704888     39.38172236951516      c
   -0.47322521622089     -5.76152929070921     32.42787038024125      c
    1.42413540231767     -4.38301187704888     30.97841264784867      c
    3.76939890700221     -4.38301187704888     32.42787038024125      c
    3.32149602085623     -5.76152929070921     34.77313388492580      c
    0.69940653612138     -6.61349341690132     34.77313388492580      c
    5.33329845352441     -2.23048153985243     32.42787038024125      c
    4.60856958732812      0.00000000000000     30.97841264784867      c
    5.33329845352441      2.23048153985243     32.42787038024125      c
    6.50593020586668      1.37851741366032     34.77313388492580      c
    6.50593020586668     -1.37851741366032     34.77313388492580      c
    3.76939890700221      4.38301187704888     32.42787038024125      c
    1.42413540231767      4.38301187704888     30.97841264784867      c
   -0.47322521622089      5.76152929070921     32.42787038024125      c
    0.69940653612138      6.61349341690132     34.77313388492580      c
    3.32149602085623      5.76152929070921     34.77313388492580      c
   -3.00368188115481      4.93932835098575     32.42787038024125      c
   -3.72841074735110      2.70884681113331     30.97841264784867      c
   -5.62577136588967      1.33034829473424     32.42787038024125      c
   -6.07367425203565      2.70884681113331     34.77313388492580      c
   -4.45313961354739      4.93932835098575     34.77313388492580      c
   -5.62577136588967     -1.33034829473424     32.42787038024125      c
   -3.72841074735110     -2.70884681113331     30.97841264784867      c
   -3.00368188115481     -4.93932835098575     32.42787038024125      c
   -4.45313961354739     -4.93932835098575     34.77313388492580      c
   -6.07367425203565     -2.70884681113331     34.77313388492580      c
   -1.89736061853856     -1.37851741366032     29.57961847286716      c
   -1.89736061853856      1.37851741366032     29.57961847286716      c
    0.72472886619629      2.23048153985243     29.57961847286716      c
    2.34526350468454      0.00000000000000     29.57961847286716      c
    0.72472886619629     -2.23048153985243     29.57961847286716      c
$end
