$coord
   -2.34526350468454      0.00000000000000      6.32517790201104      c
   -0.72472886619629     -2.23048153985243      6.32517790201104      c
    1.89736061853856     -1.37851741366032      6.32517790201104      c
    1.89736061853856      1.37851741366032      6.32517790201104      c
   -0.72472886619629      2.23048153985243      6.32517790201104      c
    4.45313961354739     -4.93932835098575      1.13166248995241      c
    6.07367425203565     -2.70884681113331      1.13166248995241      c
    5.62577136588967     -1.33034829473424      3.47692599463696      c
    3.72841074735110     -2.70884681113331      4.92638372702954      c
    3.00368188115481     -4.93932835098575      3.47692599463696      c
    6.07367425203565      2.70884681113331      1.13166248995241      c
    4.45313961354739      4.93932835098575      1.13166248995241      c
    3.00368188115481      4.93932835098575      3.47692599463696      c
    3.72841074735110      2.70884681113331      4.92638372702954      c
    5.62577136588967      1.33034829473424      3.47692599463696      c
   -0.69940653612138      6.61349341690132      1.13166248995241      c
   -3.32149602085623      5.76152929070921      1.13166248995241      c
   -3.76939890700221      4.38301187704888      3.47692599463696      c
   -1.42413540231767      4.38301187704888      4.92638372702954      c
    0.47322521622089      5.76152929070921      3.47692599463696      c
   -6.50593020586668      1.37851741366032      1.13166248995241      c
   -6.50593020586668     -1.37851741366032      1.13166248995241      c
   -5.33329845352441     -2.23048153985243      3.47692599463696      c
   -4.60856958732812      0.00000000000000      4.92638372702954      c
   -5.33329845352441      2.23048153985243      3.47692599463696      c
   -3.32149602085623     -5.76152929070921      1.13166248995241      c
   -0.69940653612138     -6.61349341690132      1.13166248995241      c
    0.47322521622089     -5.76152929070921      3.47692599463696      c
   -1.42413540231767     -4.38301187704888      4.92638372702954      c
   -3.76939890700221     -4.38301187704888      3.47692599463696      c
   -0.47322521622089     -5.76152929070921     -3.47692599463696      c
    1.42413540231767     -4.38301187704888     -4.92638372702954      c
    3.76939890700221     -4.38301187704888     -3.47692599463696      c
    3.32149602085623     -5.76152929070921     -1.13166248995241      c
    0.69940653612138     -6.61349341690132     -1.13166248995241      c
    5.33329845352441     -2.23048153985243     -3.47692599463696      c
    4.60856958732812      0.00000000000000     -4.92638372702954      c
    5.33329845352441      2.23048153985243     -3.47692599463696      c
    6.50593020586668      1.37851741366032     -1.13166248995241      c
    6.50593020586668     -1.37851741366032     -1.13166248995241      c
    3.76939890700221      4.38301187704888     -3.47692599463696      c
    1.42413540231767      4.38301187704888     -4.92638372702954      c
   -0.47322521622089      5.76152929070921     -3.47692599463696      c
    0.69940653612138      6.61349341690132     -1.13166248995241      c
    3.32149602085623      5.76152929070921     -1.13166248995241      c
   -3.00368188115481      4.93932835098575     -3.47692599463696      c
   -3.72841074735110      2.70884681113331     -4.92638372702954      c
   -5.62577136588967      1.33034829473424     -3.47692599463696      c
   -6.07367425203565      2.70884681113331     -1.13166248995241      c
   -4.45313961354739      4.93932835098575     -1.13166248995241      c
   -5.62577136588967     -1.33034829473424     -3.47692599463696      c
   -3.72841074735110     -2.70884681113331     -4.92638372702954      c
   -3.00368188115481     -4.93932835098575     -3.47692599463696      c
   -4.45313961354739     -4.93932835098575     -1.13166248995241      c
   -6.07367425203565     -2.70884681113331     -1.13166248995241      c
   -1.89736061853856     -1.37851741366032     -6.32517790201104      c
   -1.89736061853856      1.37851741366032     -6.32517790201104      c
    0.72472886619629      2.23048153985243     -6.32517790201104      c
    2.34526350468454      0.00000000000000     -6.32517790201104      c
    0.72472886619629     -2.23048153985243     -6.32517790201104      c
   -2.34526350468454      0.00000000000000     44.11970040188284      c
   -0.72472886619629     -2.23048153985243     44.11970040188284      c
    1.89736061853856     -1.37851741366032     44.11970040188284      c
    1.89736061853856      1.37851741366032     44.11970040188284      c
   -0.72472886619629      2.23048153985243     44.11970040188284      c
    4.45313961354739     -4.93932835098575     38.92618498982420      c
    6.07367425203565     -2.70884681113331     38.92618498982420      c
    5.62577136588967     -1.33034829473424     41.27144849450875      c
    3.72841074735110     -2.70884681113331     42.72090622690133      c
    3.00368188115481     -4.93932835098575     41.27144849450875      c
    6.07367425203565      2.70884681113331     38.92618498982420      c
    4.45313961354739      4.93932835098575     38.92618498982420      c
    3.00368188115481      4.93932835098575     41.27144849450875      c
    3.72841074735110      2.70884681113331     42.72090622690133      c
    5.62577136588967      1.33034829473424     41.27144849450875      c
   -0.69940653612138      6.61349341690132     38.92618498982420      c
   -3.32149602085623      5.76152929070921     38.92618498982420      c
   -3.76939890700221      4.38301187704888     41.27144849450875      c
   -1.42413540231767      4.38301187704888     42.72090622690133      c
    0.47322521622089      5.76152929070921     41.27144849450875      c
   -6.50593020586668      1.37851741366032     38.92618498982420      c
   -6.50593020586668     -1.37851741366032     38.92618498982420      c
   -5.33329845352441     -2.23048153985243     41.27144849450875      c
   -4.60856958732812      0.00000000000000     42.72090622690133      c
   -5.33329845352441      2.23048153985243     41.27144849450875      c
   -3.32149602085623     -5.76152929070921     38.92618498982420      c
   -0.69940653612138     -6.61349341690132     38.92618498982420      c
    0.47322521622089     -5.76152929070921     41.27144849450875      c
   -1.42413540231767     -4.38301187704888     42.72090622690133      c
   -3.76939890700221     -4.38301187704888     41.27144849450875      c
   -0.47322521622089     -5.76152929070921     34.31759650523484      c
    1.42413540231767     -4.38301187704888     32.86813877284226      c
    3.76939890700221     -4.38301187704888     34.31759650523484      c
    3.32149602085623     -5.76152929070921     36.66286000991938      c
    0.69940653612138     -6.61349341690132     36.66286000991938      c
    5.33329845352441     -2.23048153985243     34.31759650523484      c
    4.60856958732812      0.00000000000000     32.86813877284226      c
    5.33329845352441      2.23048153985243     34.31759650523484      c
    6.50593020586668      1.37851741366032     36.66286000991938      c
    6.50593020586668     -1.37851741366032     36.66286000991938      c
    3.76939890700221      4.38301187704888     34.31759650523484      c
    1.42413540231767      4.38301187704888     32.86813877284226      c
   -0.47322521622089      5.76152929070921     34.31759650523484      c
    0.69940653612138      6.61349341690132     36.66286000991938      c
    3.32149602085623      5.76152929070921     36.66286000991938      c
   -3.00368188115481      4.93932835098575     34.31759650523484      c
   -3.72841074735110      2.70884681113331     32.86813877284226      c
   -5.62577136588967      1.33034829473424     34.31759650523484      c
   -6.07367425203565      2.70884681113331     36.66286000991938      c
   -4.45313961354739      4.93932835098575     36.66286000991938      c
   -5.62577136588967     -1.33034829473424     34.31759650523484      c
   -3.72841074735110     -2.70884681113331     32.86813877284226      c
   -3.00368188115481     -4.93932835098575     34.31759650523484      c
   -4.45313961354739     -4.93932835098575     36.66286000991938      c
   -6.07367425203565     -2.70884681113331     36.66286000991938      c
   -1.89736061853856     -1.37851741366032     31.46934459786075      c
   -1.89736061853856      1.37851741366032     31.46934459786075      c
    0.72472886619629      2.23048153985243     31.46934459786075      c
    2.34526350468454      0.00000000000000     31.46934459786075      c
    0.72472886619629     -2.23048153985243     31.46934459786075      c
$end
