$coord
    1.97398902115101     -0.00003779452266     -0.54628203049458       c
   -0.36609664372394      0.00000000000000      0.66251908492838       n
    0.04559909158653      0.00000000000000      3.18634282170380       c
    2.52828349044903      0.00000000000000      3.60298963948243       n
    3.77928219041933      0.00000000000000      1.31838633386900       c
   -2.86272722144713      0.00000000000000     -0.56349743556517       c
    3.12864948286680      0.00000000000000      5.42908869347381       h
   -1.35400767147389      0.00001889726133      4.67939654203542       h
    5.81867463302951      0.00001889726133      1.19929579297454       h
    2.13136541349773     -0.00005669178399     -2.58427607576643       h
   -2.59771202857125      0.00003779452266     -2.61192276909055       h
   -3.92082267777246     -1.69247651913504     -0.01400287064468       h
   -3.92084157503379      1.69243872461238     -0.01396507612202       h
$end
