$coord
    2.38028013972143     -1.22476930124584     -0.39578424127157       c
   -0.08046453873827     -0.83293458759201      0.49981366488692       n
    0.03711422124987     -0.38393565841838      3.03427655979049       c
    2.52828349044903      0.00000000000000      3.60298963948243       n
    4.00259112754242     -0.72198876633029      1.53228443485032       c
   -2.40303244236137     -1.67845475122903     -0.74629064439920       c
    3.12864948286680      0.00000000000000      5.42908869347381       h
   -1.51527689965435      0.35069537574092      4.13073345661340       h
    6.04175680301666     -0.76843823467662      1.60649398008874       h
    2.74159577632916     -1.79488077827611     -2.32222775291918       h
   -2.07580746519089     -1.78255976388970     -2.78509727190819       h
   -2.92147880691855     -3.53514847131183      0.02379165201303       h
   -3.92734223293092     -0.32845329915685     -0.37080206179482       h
   -1.05758523026945     -4.46587638628067      5.02927933553919      cl
$end
