$coord
   -1.10091665049652     -2.36359385796805     -1.04775865437844       c
    0.09112259412775     -0.07044899023398      0.10229087557310       n
   -1.07536755317990      2.44301904733323     -0.57062170308615       c
   -3.73099968772410      2.81884778064153      0.49726253460753       c
    0.21076115560074     -0.25749408286700      2.03708697672807       h
    1.92385458684556     -0.00939193888044     -0.55015596906700       h
   -1.03821553740737     -2.12932450927421     -3.10026579635086       h
    0.05338476325402     -4.00070140140954     -0.53628537925162       h
   -3.04415982746548     -2.60608351533993     -0.38779069972946       h
   -4.40300519783956      4.71908079082602      0.01177299380788       h
   -5.08924034573565      1.46070160893662     -0.28166368010661       h
   -3.74915995586113      2.65580220989615      2.56796773923963       h
   -1.02468509829591      2.54311784059218     -2.63837893495095       h
    0.25715393216308      3.86619069527074      0.13090132922499       h
    4.93638039884654      0.18381366094579     -2.21679993196549      cl
$end
