$coord
   -0.33399019672621      2.65561323728287      3.77743025880910       c
   -0.08265662105242     -0.04597703681311      2.76765509970166       c
   -0.04457863947477     -0.07736538788034     -0.12547781522361       n
    1.76657268080549     -0.07819686737881     -0.84353595119749       h
   -0.95727856713588     -1.65910395562828     -0.80396508597487       h
   -0.95096688185204      1.49082384349481     -0.84442412247995       h
   -1.67475088800857     -1.24882551491748      3.41263752611685       h
    1.65613708559965     -0.94637484734913      3.39162377151917       h
   -0.15280325510513      2.60096235751981      5.83579555179346       h
    1.18015286724841      3.92002899279665      2.92412442350459       h
   -2.19629640342368      3.50629235326267      3.36503532482946       h
    3.91725109538131     -0.14061452154802     -3.30736088325380       o
    2.53499201822078      0.01753665851318     -5.36725685440579       n
    3.55965821925536     -0.12810453454832     -7.46884018404924       o
    0.14269322029419      0.36929028088851     -5.12127120368807       o
$end
