$coord
    1.36296497334377      2.63990961311859      6.69420364765676       c
    1.59371943143044      2.30894297820499      3.81620743905591       c
   -0.08176844976996      0.15068676183630      2.87117429726113       c
    0.00000000000000      0.00000000000000      0.00000000000000       n
    1.79590123038787      0.00000000000000     -0.63494798064958       h
   -0.89796006382460     -1.55530129914887     -0.63494798064958       h
   -0.89796006382460      1.55530129914887     -0.63494798064958       h
   -2.06947688264573      0.51631097402702      3.32382039787123       h
    0.49027054791585     -1.68637270372582      3.64458251166724       h
    3.57655237088336      1.92379789506157      3.30384599264663       h
    1.00790433023589      4.04448635590850      2.83765055566374       h
    2.58686500056849      4.17861911682072      7.34731189644337       h
   -0.58519149157070      3.11394741355295      7.22691744451722       h
    1.90947377097430      0.91578018125771      7.71739586230769       h
$end
