$coord
   -1.44204000000000      0.00000000000000      0.00000000000000      c
    1.44204000000000      0.00000000000000      0.00000000000000      c
    2.18889000000000     -0.83836200000000     -1.72739000000000      h
   -2.18889000000000     -1.91491000000000     -0.14104900000000      h
    2.18889000000000     -1.07679000000000      1.58974000000000      h
    2.18889000000000      1.91515000000000      0.13766300000000      h
   -2.18889000000000      0.83529700000000      1.72888000000000      h
   -2.18889000000000      1.07961000000000     -1.58783000000000      h
$end
