$coord
   -3.88459000000000     -1.15703000000000      0.00001322810000      c
   -2.32644000000000      1.21027000000000      0.00009259660000      c
    0.19961900000000      1.38758000000000      0.00004913290000      c
    1.99849000000000     -0.70752700000000     -0.00008314800000      c
    4.50432000000000     -0.37593500000000     -0.00006803020000      c
   -5.11187000000000     -1.21244000000000      1.65754000000000      h
   -5.11195000000000     -1.21227000000000     -1.65746000000000      h
   -2.74262000000000     -2.86498000000000     -0.00010393500000      h
   -3.38954000000000      2.96231000000000      0.00019464200000      h
    1.03133000000000      3.26099000000000      0.00012094300000      h
    1.25716000000000     -2.61395000000000     -0.00019842100000      h
    5.79143000000000     -1.96101000000000     -0.00016629600000      h
    5.32766000000000      1.49720000000000      0.00004346370000      h
$end
