$coord
   -2.45593000000000     -1.70993000000000     -0.03808740000000      c
   -2.27891000000000      0.95585600000000     -0.02534880000000      c
    0.00000000000000      2.23623000000000      0.28969700000000      c
    2.27891000000000      0.95585000000000     -0.02536390000000      c
    2.45594000000000     -1.70992000000000     -0.03807230000000      c
    4.09843000000000     -2.50871000000000     -0.97452600000000      h
    1.95028000000000     -2.74839000000000      1.65005000000000      h
    3.84962000000000      2.05146000000000     -0.75306400000000      h
    0.00000188973000      4.27629000000000      0.16233700000000      h
   -3.84962000000000      2.05146000000000     -0.75302000000000      h
   -4.09843000000000     -2.50869000000000     -0.97456200000000      h
   -0.00002078700000     -2.23355000000000     -0.98418500000000      h
   -1.95031000000000     -2.74841000000000      1.65003000000000      h
$end
